+++ CallGraph +++ Analysing [ "C0", "C1" ]. Wait for a while...
C0{ 1 }{ 1, 80 }	
-F1{ 12 }{ 12, 13 }	
----F2{ 15, 18 }{ 13, 15, 16, 18, 19, 26, 36, 45, 48, 51, 56, 59, 68, 75, 76 }	
-----F3{ 22 }{ 10, 13, 22, 23, 48, 59 }	
-F2{ 15, 18 }{ 13, 15, 16, 18, 19, 26, 36, 45, 48, 51, 56, 59, 68, 75, 76 }	
-F2{ 15, 18 }{ 13, 15, 16, 18, 19, 26, 36, 45, 48, 51, 56, 59, 68, 75, 76 }	
-F3{ 22 }{ 10, 13, 22, 23, 48, 59 }	
-F4{ 25 }{ 25, 26, 47, 51, 58, 69, 76, 78 }	
-----F2{ 15, 18 }{ 13, 15, 16, 18, 19, 26, 36, 45, 48, 51, 56, 59, 68, 75, 76 }	
-isAscendingTotalOrder{ 8 }{ 8, 9 }	
------F3{ 22 }{ 10, 13, 22, 23, 48, 59 }	
-OP1{ 33 }{ 33, 34, 243, 244 }	
-----F2{ 15, 18 }{ 13, 15, 16, 18, 19, 26, 36, 45, 48, 51, 56, 59, 68, 75, 76 }	
-----F2{ 15, 18 }{ 13, 15, 16, 18, 19, 26, 36, 45, 48, 51, 56, 59, 68, 75, 76 }	
-OP4{ 61 }{ 61, 62, 78 }	
---pre_F2{  }{ 64 }	
-OP5{ 66 }{ 66, 67 }	
------F2{ 15, 18 }{ 13, 15, 16, 18, 19, 26, 36, 45, 48, 51, 56, 59, 68, 75, 76 }	
-------F4{ 25 }{ 25, 26, 47, 51, 58, 69, 76, 78 }	
-OP6{ 72 }{ 72, 73 }	
-----F2{ 15, 18 }{ 13, 15, 16, 18, 19, 26, 36, 45, 48, 51, 56, 59, 68, 75, 76 }	
-------F2{ 15, 18 }{ 13, 15, 16, 18, 19, 26, 36, 45, 48, 51, 56, 59, 68, 75, 76 }	
-------F4{ 25 }{ 25, 26, 47, 51, 58, 69, 76, 78 }	
-------OP4{ 61 }{ 61, 62, 78 }	
-------F4{ 25 }{ 25, 26, 47, 51, 58, 69, 76, 78 }	
-OP2{ 41 }{ 41 }	
-----F2{ 15, 18 }{ 13, 15, 16, 18, 19, 26, 36, 45, 48, 51, 56, 59, 68, 75, 76 }	
----F4{ 25 }{ 25, 26, 47, 51, 58, 69, 76, 78 }	
-OP3{ 50 }{ 50 }	
------F4{ 25 }{ 25, 26, 47, 51, 58, 69, 76, 78 }	
------F2{ 15, 18 }{ 13, 15, 16, 18, 19, 26, 36, 45, 48, 51, 56, 59, 68, 75, 76 }	
-----F2{ 15, 18 }{ 13, 15, 16, 18, 19, 26, 36, 45, 48, 51, 56, 59, 68, 75, 76 }	
----F4{ 25 }{ 25, 26, 47, 51, 58, 69, 76, 78 }	
----F2{ 15, 18 }{ 13, 15, 16, 18, 19, 26, 36, 45, 48, 51, 56, 59, 68, 75, 76 }	
---F3{ 22 }{ 10, 13, 22, 23, 48, 59 }	
C1{ 82 }{ 82, 98 }	
-factorial{ 87 }{ 87, 88 }	
